 "Train Predictions" Actuals
0 5.6848254 5
1 5.376884 5
2 5.1337905 2
3 4.854365 5
4 5.2848544 6
5 5.2059174 5
6 5.116858 11
7 5.302264 6
8 5.580251 2
9 5.412418 6
10 5.5598087 6
11 5.6755834 7
12 5.38635 4
13 5.1659684 5
14 5.520028 4
15 5.4320183 5
16 5.4011755 6
17 5.246794 9
18 5.4923525 5
19 5.413156 8
20 5.665847 4
21 5.604894 4
22 5.5885496 6
23 5.4802995 8
24 5.6309667 9
25 5.4938216 8
26 5.6529593 10
27 5.882488 12
28 5.997965 6
29 5.8688874 9
30 5.942635 8
31 5.9652724 9
32 5.9795604 4
33 5.6748023 6
34 5.789547 7
35 5.774854 7
36 5.728294 3
37 5.339758 5
38 5.522374 5
39 5.508208 9
40 5.546536 4
41 5.2041984 3
42 5.3212204 8
43 5.5624504 3
44 5.417984 2
45 4.8772616 12
46 5.306611 7
47 5.512985 11
48 5.417091 1
49 5.294548 10
50 5.886279 9
51 5.7765083 6
52 5.693274 3
53 5.2811923 5
54 5.71372 9
55 5.7380366 4
56 5.339823 6
57 5.3250065 8
58 5.6650577 10
59 5.83519 3
60 5.4162235 5
61 5.609064 1
62 5.3669267 7
63 5.4509025 6
64 4.920483 7
65 5.2270036 10
66 5.383599 6
67 5.73477 2
68 5.476603 6
69 5.6431456 10
70 5.784817 4
71 5.316808 10
72 5.460122 4
73 5.6177325 4
74 5.6106443 6
75 5.4762406 6
76 5.639169 3
77 5.125768 2
78 5.0521073 6
79 5.289558 12
80 5.371731 10
81 5.2774425 3
82 5.321113 9
83 5.8349967 8
84 5.9325514 7
85 5.784798 10
86 5.7164617 6
87 5.847696 6
88 5.7894034 3
89 5.5967965 10
90 5.8317266 7
91 5.60253 5
92 5.509431 4
93 5.4331684 7
94 5.772111 6
95 5.5690064 14
96 5.6488643 3
97 5.419268 8
98 5.7455363 6
99 5.723162 8
100 5.8681264 6
101 5.5152926 4
102 5.638537 6
103 5.6198273 6
104 5.6444035 11
105 5.662504 4
106 5.4333367 5
107 5.589691 7
108 5.7046895 6
109 5.725859 9
110 5.5511184 3
111 5.465502 1
112 5.299219 5
113 5.3221474 7
114 5.3526053 5
115 4.7236886 12
116 5.238252 6
117 5.624223 2
118 5.471939 9
119 5.6945868 9
120 5.8604655 4
121 5.398602 4
122 5.3302817 13
123 5.9018073 8
124 5.7492537 7
125 5.570611 11
126 5.8631525 6
127 5.9186125 4
128 5.6947594 5
129 5.681363 10
130 5.8655343 3
131 5.3591733 7
132 5.445975 3
133 5.415293 6
134 5.581975 6
135 5.2546716 4
136 5.3855257 1
137 4.9007726 8
138 5.3815594 7
139 5.3010554 4
140 5.0206656 5
141 5.1721025 6
142 5.654363 10
143 5.672441 3
144 5.300694 10
145 5.6721115 6
146 5.6874394 14
147 5.9018116 3
148 5.4446287 7
149 5.8045073 4
150 5.604613 18
151 5.8994856 13
152 5.560339 9
153 5.7911983 8
154 5.846234 7
155 6.010311 8
156 5.9901233 4
157 5.7352986 8
158 5.8030844 6
159 5.701835 12
160 5.8367257 8
161 5.6969447 6
162 5.799794 7
163 5.8209167 4
164 5.7723117 9
165 5.787797 5
166 5.5817676 3
167 5.434921 3
168 5.252525 5
169 5.438271 5
170 5.024582 8
171 5.0721745 3
172 5.107672 2
173 5.1653295 9
174 5.447979 10
175 5.580775 8
176 5.327044 6
177 5.5605903 9
178 5.9524007 7
179 5.8930774 5
180 5.7239594 8
181 5.7777753 13
182 5.9532075 1
183 5.414931 4
184 5.430971 5
185 5.5688105 5
186 5.465368 8
187 4.8713923 3
188 5.2182918 7
189 5.4817123 1
190 5.1813707 4
191 5.244722 2
192 4.6264067 8
193 5.050917 2
194 4.2421665 7
195 5.036692 7
196 5.204512 5
197 5.4973383 6
198 5.325273 10
199 5.8047705 1
200 5.358364 3
201 5.2395654 4
202 5.279792 6
203 5.274816 3
204 4.3225408 4
205 4.9019847 2
206 4.9057813 4
207 4.9554005 15
208 4.9856505 4
209 5.031518 7
210 5.299386 6
211 5.653158 6
212 5.825978 9
213 5.624003 4
214 5.6030645 6
215 5.614609 8
216 5.7235103 3
217 5.531185 7
218 5.455919 6
219 5.5936418 3
220 5.4133286 6
221 5.2932982 8
222 5.633015 6
223 5.477143 6
224 5.4345827 4
225 5.568292 1
226 5.3169413 4
227 5.1565294 8
228 5.1677713 7
229 4.958752 6
230 5.0802293 1
231 5.2472982 4
232 5.441953 7
233 5.389676 2
234 4.83971 4
235 4.540691 8
236 5.292437 7
237 5.4249415 6
238 5.210875 5
239 5.528405 3
240 5.541831 5
241 5.473095 6
242 5.3815503 10
243 5.436003 6
244 5.3837004 9
245 5.733582 6
246 5.761144 3
247 5.6524034 5
248 5.560424 5
249 5.568261 5
250 5.2836847 5
251 5.132648 3
252 5.215622 8
253 5.4041953 5
254 5.3332963 6
255 5.3787203 7
256 5.4751997 4
257 5.5801587 6
258 5.504241 9
259 5.69155 3
260 5.448392 4
261 5.319642 8
262 5.624015 6
263 5.582162 4
264 5.1765904 7
265 5.531654 8
266 5.7475057 5
267 5.523677 5
268 5.48574 13
269 5.857024 9
270 5.8076377 11
271 5.791285 5
272 5.753223 7
273 5.9413486 5
274 5.7852135 9
275 5.875527 6
276 5.605108 3
277 5.510535 3
278 5.3714767 6
279 5.5449586 11
280 5.433167 4
281 5.1131353 7
282 5.476624 10
283 5.837785 6
284 5.798718 1
285 5.2751026 13
286 5.7880044 2
287 5.425479 9
288 5.376221 5
289 5.266872 12
290 5.88858 7
291 5.5138764 5
292 5.7459245 6
293 5.7038565 6
294 5.8221445 10
295 5.756516 6
296 5.604854 7
297 5.7224817 5
298 5.6903644 7
299 5.8122125 11
300 5.7922053 5
301 5.656361 10
302 5.7791514 5
303 5.7530003 2
304 5.5681467 10
305 5.6481996 5
306 5.616264 7
307 5.3975134 10
308 5.5856833 3
309 5.645267 4
310 5.462233 3
311 5.441825 2
312 5.192885 5
313 4.5830135 4
314 4.68049 6
315 4.7553186 8
316 5.1222434 8
317 5.551488 5
318 5.5118203 5
319 5.642843 5
320 5.664624 6
321 5.6094894 5
322 5.387637 10
323 5.597458 2
324 5.3258634 8
325 5.588304 7
326 5.606448 8
327 5.7433424 6
328 5.4609723 7
329 5.81154 7
330 5.781701 5
331 5.6953883 2
332 5.395946 4
333 5.4065456 9
334 5.4783406 8
335 5.2955294 6
336 5.274449 5
337 5.5821376 8
338 5.8502812 7
339 5.7563615 4
340 5.523878 1
341 5.2505937 3
342 5.287546 4
343 4.97014 11
344 4.7541413 7
345 4.841142 3
346 5.2241845 2
347 5.314614 7
348 5.6604133 3
349 5.1060863 6
350 4.8465114 5
351 5.067238 3
352 5.27963 4
353 5.034588 6
354 5.335641 11
355 5.397901 2
356 5.05627 4
357 5.3081665 6
358 5.5409403 14
359 5.755943 8
360 5.300693 6
361 5.6237206 4
362 5.6968594 7
363 5.887856 6
364 5.6662087 5
365 5.4786763 8
366 5.562838 7
367 5.711556 3
368 5.459186 5
369 5.4960866 5
370 5.5617986 3
371 5.231771 6
372 5.073108 5
373 5.270937 3
374 5.098059 9
375 5.2973304 3
376 5.308922 3
377 5.1215672 4
378 5.0984945 12
379 5.6016726 6
380 5.1160827 6
381 5.3927007 5
382 5.6036687 8
383 5.8773437 3
384 5.4393306 6
385 5.50894 5
386 5.4468017 3
387 5.3468637 6
388 5.164613 16
389 5.623563 10
390 5.562138 3
391 5.416766 12
392 5.911631 6
393 5.906592 4
394 5.633405 1
395 5.1908555 4
396 5.4830413 7
397 5.12072 4
398 4.720516 3
399 4.640419 7
400 5.339331 3
401 5.26882 7
402 5.17587 2
403 5.010363 1
404 4.9838977 4
405 4.654122 4
406 4.7816973 11
407 4.463771 5
408 4.8615527 7
409 5.48087 6
410 5.626704 9
411 5.8948374 3
412 5.465502 1
413 5.299219 3
414 5.1802626 1
415 4.76788 7
416 3.950087 13
417 4.4600306 5
418 5.027954 2
419 5.10687 4
420 5.553041 9
421 5.7497497 6
422 5.2053785 5
423 5.1591163 8
424 5.639458 3
425 5.583958 4
426 5.3941283 10
427 5.5783067 6
428 5.5575724 2
429 5.090743 5
430 5.410893 12
431 5.7966666 3
432 5.221518 3
433 5.0440655 13
434 5.7043657 3
435 5.518373 3
436 5.0047245 5
437 5.3206525 8
438 5.697141 3
439 4.9025655 6
440 5.2382727 5
441 5.4468017 6
442 5.5308366 6
443 5.3130345 6
444 5.556619 2
445 5.281898 4
446 5.330563 4
447 5.2086983 13
448 5.3390307 8
449 5.1812134 8
450 5.6054597 7
451 5.7717924 6
452 5.9067235 6
453 5.7781615 9
454 5.8451304 7
455 5.748958 7
456 5.728722 4
457 5.6355076 7
458 5.7844334 7
459 5.6987014 5
460 5.5657125 5
461 5.4585743 11
462 5.802146 4
463 5.5504823 4
464 5.4259777 8
465 5.6574583 5
466 5.6616764 7
467 5.4102044 3
468 5.3620405 6
469 5.5982614 5
470 5.399781 4
471 5.350515 4
472 5.097873 6
473 5.3978796 2
474 5.030566 3
475 4.8833337 7
476 5.1022897 12
477 5.380395 7
478 5.2110605 8
479 5.6468616 6
480 5.8277116 8
481 5.940731 5
482 5.705519 8
483 5.7999225 7
484 5.7262 4
485 5.6227245 5
486 5.5354557 2
487 5.403386 5
488 5.2926774 4
489 4.944777 4
490 4.935163 7
491 4.9612536 3
492 5.152962 5
493 5.1653776 6
494 5.324345 7
495 5.505738 7
496 5.370029 3
497 5.4167027 5
498 5.522374 8
499 5.64708 7
500 5.554542 7
501 5.4452014 6
502 5.6631417 7
503 5.7969823 4
504 5.607899 7
505 5.672939 3
506 5.422545 2
507 5.2206674 5
508 5.0862937 9
509 5.356835 5
510 4.9543014 10
511 5.4061937 6
512 5.6765795 1
513 5.457284 5
514 5.4273157 10
515 5.7057996 5
516 5.229772 3
517 4.976541 2
518 5.288488 8
519 5.5806904 5
520 5.065552 6
521 5.0450845 7
522 5.375756 11
523 5.8424325 10
524 5.7630982 5
525 5.71544 5
526 5.75617 7
527 5.873029 5
528 5.6856804 4
529 5.372045 2
530 5.2146397 5
531 5.3104787 7
532 5.160436 9
533 5.2193727 9
534 5.417231 6
535 5.691556 7
536 5.8277974 5
537 5.7779818 11
538 5.895045 14
539 5.850518 7
540 5.778235 3
541 5.6137166 7
542 5.8813195 6
543 5.821689 3
544 5.3526316 3
545 5.094829 6
546 5.4293156 4
547 5.1253467 6
548 4.9867735 3
549 5.0535617 3
550 5.1803055 5
551 5.079163 2
552 4.9073806 9
553 4.8862567 3
554 4.8967543 11
555 5.4013314 7
556 5.412986 9
557 5.821409 4
558 5.5387826 7
559 5.858687 8
560 5.790152 8
561 5.800693 5
562 5.5544086 7
563 5.7781663 7
564 5.7976265 3
565 5.5404534 5
566 5.4559503 10
567 5.707194 9
568 5.6506433 7
569 5.526187 10
570 5.864905 9
571 5.983401 14
572 6.0133166 4
573 5.735096 9
574 5.9394817 4
575 5.7526965 6
576 5.792837 1
577 5.165037 3
578 5.2675395 8
579 5.039459 7
580 5.141862 6
581 4.9676213 5
582 5.4511085 3
583 5.541831 6
584 5.527341 7
585 5.466991 9
586 5.4872537 3
587 5.2920165 8
588 5.6976824 2
589 5.4497237 4
590 5.4002967 7
591 5.194659 7
592 5.4739122 6
593 5.1649575 3
594 5.362833 6
595 5.6028733 12
596 5.729873 2
597 5.2716055 5
598 5.2958894 9
599 5.7110925 7
600 5.726729 11
601 5.4863467 7
602 5.7639832 12
603 5.9916415 7
604 5.8698087 9
605 5.9782863 3
606 5.678888 4
607 5.70641 3
608 5.4142003 2
609 5.1330523 10
610 4.8536353 3
611 4.8381515 10
612 5.175324 5
613 5.347691 3
614 5.5309258 3
615 5.20066 7
616 5.588781 4
617 5.051744 13
618 5.268474 3
619 5.25694 6
620 5.586023 7
621 5.6115117 6
622 5.7561274 4
623 5.287373 5
624 5.5329413 4
625 5.4498177 5
626 5.3222704 6
627 5.246794 9
628 5.4923525 7
629 5.5091963 11
630 5.781798 8
631 5.842473 3
632 5.6903653 9
633 5.8429065 4
634 5.708611 7
635 5.620128 10
636 5.5948915 11
637 5.887653 6
638 5.6557426 3
639 5.6552615 5
640 5.741138 6
641 5.691633 7
642 5.427117 4
643 5.2051373 5
644 5.450994 10
645 5.6908975 4
646 5.491719 3
647 5.2604036 4
648 5.391545 11
649 5.701368 4
650 5.1116962 5
651 5.2455926 4
652 5.428914 6
653 5.6501517 12
654 5.480826 2
655 5.263271 2
656 5.1740713 2
657 5.1970525 7
658 5.3425426 2
659 4.005834 3
660 4.3066225 10
661 5.0138717 13
662 5.544861 5
663 5.2245564 4
664 5.517167 6
665 5.814435 3
666 5.5937552 12
667 5.481704 9
668 5.5271115 3
669 5.4446225 6
670 5.5620394 4
671 5.7048545 6
672 5.5478506 2
673 4.9679613 8
674 5.410942 3
675 5.090969 1
676 4.902021 4
677 4.7036614 3
678 4.9487815 2
679 3.9409177 5
680 4.1131787 5
681 4.7591753 8
682 4.9336476 4
683 5.053691 4
684 5.363966 5
685 5.425851 3
686 5.326579 4
687 4.9726295 5
688 5.0526233 2
689 4.8713193 2
690 4.539475 11
691 5.0666323 7
692 5.129256 2
693 4.8358717 6
694 5.36114 6
695 5.7079043 5
696 5.3666897 3
697 5.009327 6
698 5.460806 5
699 5.3634715 9
700 5.4214616 5
701 5.3375573 5
702 5.551594 3
703 5.4145074 5
704 5.5302224 4
705 5.1610603 14
706 5.4098496 6
707 5.3095517 5
708 5.5175595 4
709 5.551191 6
710 5.787929 7
711 5.521471 9
712 5.562767 7
713 5.5940876 8
714 5.7949185 5
715 5.7438655 6
716 5.78155 7
717 5.7398295 2
718 5.443443 2
719 5.134 5
720 5.2186255 7
721 5.1613297 9
722 4.910222 6
723 5.3026156 9
724 5.756367 4
725 5.682812 2
726 5.504287 5
727 5.438949 5
728 5.403231 1
729 4.568339 6
730 4.728131 6
731 5.1591473 5
732 5.0596313 5
733 5.0169253 10
734 5.686273 4
735 5.483936 4
736 5.4102063 4
737 5.435559 6
738 5.576413 2
739 4.9074793 3
740 4.8833337 5
741 4.9824595 3
742 4.8704467 5
743 4.5666065 5
744 4.970369 2
745 4.9492755 4
746 4.8557606 6
747 5.150224 6
748 5.101669 10
749 5.2256546 2
750 5.284596 7
751 5.595611 3
752 5.4279623 7
753 5.563601 6
754 5.1670027 9
755 5.6493735 6
756 5.486708 6
757 5.7158237 9
758 5.809709 8
759 5.8594933 5
760 5.6532044 6
761 5.715582 6
762 5.771109 4
763 5.5582232 4
764 5.3540235 6
765 5.4594054 8
766 5.4946375 4
767 5.2610345 4
768 5.338671 4
769 5.435539 4
770 5.355407 2
771 4.7870917 3
772 4.712339 9
773 4.9663177 5
774 4.9275956 4
775 4.9431334 10
776 5.5478616 5
777 5.6580987 4
778 5.3878703 4
779 5.4056234 5
780 5.5736957 6
781 5.2708793 11
782 5.4406505 16
783 5.654003 15
784 5.8016133 6
785 5.78617 8
786 5.967509 6
787 5.9514546 6
788 5.8855767 3
789 5.5039554 5
790 5.5616784 7
791 5.493326 5
792 5.3554945 5
793 5.241409 10
794 5.662498 9
795 5.7580705 3
796 5.464028 5
797 5.592777 11
798 5.8993645 3
799 5.4806404 2
800 5.0522213 13
801 5.636461 4
802 5.5052543 4
803 5.037852 6
804 5.3901825 2
805 5.481296 5
806 5.0375457 3
807 4.9625444 3
808 4.9094796 6
809 4.7111115 3
810 4.9269614 2
811 4.5865645 5
812 4.8510623 9
813 5.2537103 2
814 4.7152085 2
815 4.7846503 3
816 5.0890746 3
817 4.9523277 5
818 4.0703835 3
819 4.317918 3
820 4.590881 6
821 4.892419 2
822 4.835855 5
823 4.7566986 2
824 4.721994 4
825 4.9102397 3
826 4.4203234 11
827 5.116245 3
828 4.779406 6
829 5.270721 5
830 5.3902593 3
831 5.484803 3
832 4.95509 4
833 5.1516066 2
834 4.704593 4
835 4.4595065 1
836 4.241429 2
837 4.129859 4
838 3.8884265 8
839 4.4903855 5
840 4.4473853 3
841 4.9285808 4
842 5.2790065 4
843 5.3649716 5
844 5.0521197 2
845 4.6986213 10
846 5.2032294 4
847 5.131861 4
848 5.187327 8
849 5.378367 5
850 5.628555 1
851 5.000566 2
852 4.981855 5
853 5.159105 4
854 4.5074983 8
855 4.4577456 5
856 5.0467334 6
857 5.4534063 7
858 5.5601516 6
859 5.6868978 6
860 5.568027 2
861 5.396729 7
862 5.5629187 2
863 5.1789703 1
864 4.770117 3
865 4.358533 5
866 4.7737455 5
867 4.0773425 5
868 4.542745 3
869 4.9874854 8
870 5.4041953 2
871 5.1166544 5
872 5.160612 6
873 5.1967635 2
874 5.177309 7
875 4.972731 5
876 5.3060474 14
877 5.54921 6
878 5.382773 1
879 5.4022503 3
880 5.378512 3
881 5.417154 4
882 4.6376743 2
883 3.8374128 5
884 4.5450563 3
885 4.5587687 5
886 4.7794023 5
887 4.8051972 8
888 5.3328185 4
889 5.1802835 2
890 5.2158093 3
891 5.1818686 2
892 4.9964175 8
893 4.6284328 7
894 4.6889796 6
895 5.133116 8
896 5.4971223 3
897 5.602425 9
898 5.7289796 8
899 5.7067513 10
900 5.8009753 11
901 5.762585 4
902 5.775575 6
903 5.804051 4
904 5.717138 3
905 5.503279 4
906 5.0894995 4
907 5.123863 4
908 4.8357024 3
909 4.721699 4
910 4.888615 2
911 4.684798 1
912 4.337703 7
913 4.4490786 9
914 4.8073564 3
915 4.654901 6
916 5.188085 2
917 5.405895 6
918 5.4533668 6
919 5.0887256 5
920 5.2820563 4
921 5.0852094 3
922 5.3190393 7
923 5.3966556 5
924 5.2221575 2
925 4.9498515 2
926 4.87205 7
927 5.279575 4
928 4.816629 2
929 4.4163914 6
930 4.9572473 4
931 5.2364335 3
932 4.785934 2
933 4.617066 3
934 4.8974924 7
935 4.7197433 4
936 4.5901847 3
937 4.6754727 5
938 5.1129603 4
939 5.2676287 5
940 4.9968567 4
941 4.9895444 7
942 5.3346095 3
943 5.1295996 5
944 5.2722807 4
945 5.20152 6
946 5.3804803 3
947 4.962723 2
948 4.994975 8
949 5.1680675 9
950 5.36836 3
951 4.9969172 5
952 5.3004446 8
953 5.755693 3
954 5.444666 8
955 5.3299026 3
956 5.3686395 4
957 5.3971744 3
958 5.0217404 4
959 5.2225003 2
960 4.50581 5
961 4.7368207 4
962 4.64951 3
963 4.6989064 5
964 4.7581105 5
965 5.136585 3
966 4.906983 2
967 4.7628517 4
968 4.9634643 4
969 4.7722745 9
970 4.799736 3
971 4.821548 7
972 5.3504386 5
973 5.434836 4
974 5.5005803 2
975 5.0117936 4
976 5.243789 3
977 4.822004 5
978 4.672992 3
979 4.494373 5
980 4.924192 2
981 4.720471 4
982 4.909986 6
983 4.857369 3
984 4.889353 3
985 4.651345 6
986 5.1412215 2
987 4.960429 7
988 4.883056 4
989 5.002841 4
990 5.1749425 6
991 5.104217 10
992 5.63024 3
993 5.2297506 1
994 5.106016 3
995 5.2190995 4
996 5.125337 4
997 4.125933 4
998 4.232568 2
999 4.623861 7
1000 5.001554 5
1001 5.0077395 3
1002 4.91995 2
1003 4.810809 4
1004 5.1760607 5
1005 4.8498383 5
1006 4.656348 2
1007 4.6231713 4
1008 4.9995503 6
1009 5.150224 5
1010 5.0405827 5
1011 4.9553843 4
1012 5.2599797 1
1013 5.0861936 5
1014 5.0367856 3
1015 4.7721934 7
1016 4.7399244 5
1017 4.745645 4
1018 5.2215095 2
1019 5.0117936 7
1020 5.418988 13
1021 5.408417 4
1022 5.1940427 2
1023 5.1624923 10
1024 5.772144 5
1025 5.6598716 3
1026 5.0553637 6
1027 5.2927194 2
1028 5.3926983 3
1029 4.901302 3
1030 4.659594 3
1031 4.717584 6
1032 4.371623 8
1033 4.940657 2
1034 4.8865027 5
1035 5.1936803 3
1036 5.295199 3
1037 5.1107116 3
1038 4.4640512 6
1039 4.950232 4
1040 4.693671 2
1041 4.6718025 6
1042 5.014297 4
1043 5.141973 6
1044 5.005547 8
1045 5.217322 6
1046 5.54422 7
1047 5.564261 3
1048 5.525648 3
1049 5.4626575 3
1050 5.2135453 5
1051 5.1299624 1
1052 4.310345 1
1053 4.1183243 7
1054 4.452652 5
1055 4.585874 5
1056 4.397079 2
1057 4.7989044 2
1058 5.1418633 1
1059 4.558761 6
1060 4.426991 4
1061 3.9422586 3
1062 4.2257924 1
1063 4.3094435 5
1064 4.965003 8
1065 4.802121 1
1066 4.405173 2
1067 4.454501 6
1068 5.1505084 7
1069 5.1842995 6
1070 4.6811166 2
1071 5.024594 7
1072 5.545259 4
1073 5.4047513 8
1074 5.389998 11
1075 5.4369006 3
1076 5.5149817 1
1077 5.219974 5
1078 5.4992948 5
1079 5.361089 6
1080 4.662168 5
1081 4.8919225 9
1082 5.5704517 6
1083 5.562088 1
1084 5.301456 7
1085 5.497878 5
1086 5.5175924 4
1087 5.1164613 7
1088 5.091615 3
1089 5.3889318 4
1090 5.2066593 5
1091 5.217903 2
1092 5.088972 3
1093 4.6413245 4
1094 4.7978153 6
1095 4.8840632 4
1096 4.6216197 4
1097 4.9726453 4
1098 5.1507273 3
1099 5.121257 2
1100 4.7074475 4
1101 4.6901174 3
1102 4.5038033 4
1103 4.385286 1
1104 4.1721244 1
1105 4.2051196 7
1106 4.2673664 2
1107 4.083771 4
1108 3.9572186 2
1109 4.3871584 3
1110 4.8603435 3
1111 4.127254 9
1112 4.780044 4
1113 4.6616445 3
1114 4.9467034 4
1115 5.1709366 4
1116 5.359445 1
1117 4.542395 3
1118 4.40976 3
1119 4.4162827 5
1120 4.3378634 2
1121 3.958494 4
1122 4.579247 6
1123 4.857369 4
1124 4.970073 2
1125 4.6385636 7
1126 5.2027197 4
1127 5.181438 7
1128 5.123242 4
1129 5.1189876 2
1130 5.269331 2
1131 4.9259977 4
1132 4.996224 4
1133 4.4122143 3
1134 4.1637506 3
1135 4.4376817 2
1136 4.5974736 4
1137 4.5306835 12
1138 4.8022304 5
1139 4.937346 9
1140 5.372725 4
1141 5.5690727 8
1142 5.8672123 2
1143 5.3770404 2
1144 5.3146496 3
1145 4.9125123 2
1146 4.7581186 3
1147 3.699689 5
1148 4.1153326 6
1149 4.599819 3
1150 4.6413646 3
1151 4.9295425 4
1152 5.1278453 3
1153 4.935496 2
1154 4.36892 4
1155 4.4979835 3
1156 4.5038033 2
1157 4.171781 6
1158 4.4411855 3
1159 4.6616836 4
1160 4.6169934 2
1161 4.5919714 3
1162 4.871141 5
1163 4.5500526 6
1164 4.7917724 5
1165 4.801054 4
1166 5.1266165 3
1167 5.237468 2
1168 5.0605893 5
1169 4.926562 5
1170 4.7591753 7
1171 4.885979 2
1172 4.8546147 2
1173 5.063746 3
1174 4.9626975 6
1175 4.9696546 3
1176 4.206141 5
1177 4.6696954 2
1178 4.829162 3
1179 4.9526744 3
1180 4.527284 2
1181 4.4498434 1
1182 3.6808379 6
1183 4.173056 8
1184 4.4909024 2
1185 4.4281983 3
1186 4.7769556 3
1187 5.1962705 3
1188 4.95776 10
1189 4.5830398 5
1190 4.9371185 5
1191 5.177854 3
1192 5.2934766 7
1193 5.669995 3
1194 5.1681156 4
1195 5.1142783 2
1196 4.856322 2
1197 4.892611 8
1198 4.634124 4
1199 4.7011204 4
1200 4.685513 4
1201 5.0501113 4
1202 5.355407 3
1203 4.880145 6
1204 5.026966 4
1205 4.9886117 3
1206 4.9179 7
1207 5.1452127 3
1208 5.183935 2
1209 4.8206954 4
1210 4.874974 5
1211 5.10563 3
1212 4.484876 2
1213 4.4514914 3
1214 4.732896 3
1215 4.591619 2
1216 4.007874 4
1217 4.063594 6
1218 4.5503573 4
1219 4.648755 2
1220 4.6385636 2
1221 4.8417883 3
1222 4.790564 8
1223 4.59185 3
1224 4.3512177 4
1225 4.7498765 2
1226 4.9335933 8
1227 5.3815103 7
1228 5.011762 3
1229 5.061757 5
1230 5.2317586 2
1231 5.3580666 7
1232 5.3168325 4
1233 4.9006243 6
1234 5.1951118 5
1235 5.146505 2
1236 5.273771 3
1237 5.009044 2
1238 4.8929887 3
1239 4.444482 7
1240 4.270716 3
1241 4.5001326 7
1242 4.8778105 6
1243 5.290052 5
1244 5.481051 5
1245 5.332583 7
1246 5.6475596 1
1247 5.203371 5
1248 5.2195516 1
1249 4.8793025 9
1250 5.086622 9
1251 4.790993 9
1252 5.454795 5
1253 5.4291453 4
1254 5.7275434 1
1255 5.422667 6
1256 5.433577 4
1257 4.918568 10
1258 5.0358644 9
1259 5.231049 3
1260 5.4766326 5
1261 5.533867 6
1262 5.741427 5
1263 5.524869 4
1264 5.1266165 3
1265 5.237468 2
1266 5.06059 4
