 "Test Predictions" Actuals Date
1439 5.0997314 9 2022-01-01
1440 5.5849953 2 2022-01-03
1441 5.221453 2 2022-01-04
1442 4.976855 4 2022-01-05
1443 5.023589 3 2022-01-06
1444 4.840905 6 2022-01-07
1445 4.93028 3 2022-01-08
1446 4.618446 2 2022-01-09
1447 4.6835084 8 2022-01-10
1448 5.0526285 4 2022-01-11
1449 5.0386505 8 2022-01-12
1450 4.490082 2 2022-01-13
1451 4.0371475 6 2022-01-14
1452 4.4997554 5 2022-01-15
1453 4.4319196 4 2022-01-16
1454 4.5299435 7 2022-01-17
1455 4.7048674 6 2022-01-18
1456 5.4110274 3 2022-01-19
1457 4.970262 5 2022-01-20
1458 5.128723 2 2022-01-21
1459 4.8384414 8 2022-01-22
1460 5.24876 5 2022-01-23
1461 4.888587 1 2022-01-24
1462 4.693253 5 2022-01-25
1463 5.2142777 3 2022-01-26
1464 5.2785335 2 2022-01-27
1465 4.6549273 4 2022-01-28
1466 5.4348364 2 2022-01-29
1467 5.132959 6 2022-01-30
1468 5.249565 1 2022-01-31
1469 4.3672214 5 2022-02-01
1470 4.64089 7 2022-02-02
1471 4.6155987 6 2022-02-03
1472 4.336927 2 2022-02-04
1473 4.0169454 2 2022-02-05
1474 4.2712517 6 2022-02-07
1475 4.4443455 7 2022-02-08
1476 4.96469 3 2022-02-09
1477 4.5673275 3 2022-02-10
1478 4.717994 4 2022-02-11
1479 4.7959995 6 2022-02-12
1480 4.9850893 7 2022-02-13
1481 5.055909 3 2022-02-14
1482 4.8196745 1 2022-02-15
1483 4.8680573 3 2022-02-16
1484 5.299425 4 2022-02-17
1485 5.224842 1 2022-02-18
1486 4.439957 1 2022-02-19
1487 4.6739893 4 2022-02-20
1488 4.804211 7 2022-02-21
1489 4.5618243 7 2022-02-22
1490 4.168403 5 2022-02-23
1491 3.8977897 7 2022-02-24
1492 3.8744354 7 2022-02-25
1493 3.8352456 5 2022-02-26
1494 3.7643535 1 2022-02-27
1495 3.991274 5 2022-02-28
1496 4.1660995 14 2022-03-01
1497 4.0681553 5 2022-03-02
1498 3.6362944 3 2022-03-03
1499 4.08316 10 2022-03-04
1500 5.0233245 1 2022-03-05
1501 4.2579436 6 2022-03-06
1502 4.3869314 6 2022-03-07
1503 4.313289 3 2022-03-08
1504 4.588281 4 2022-03-09
1505 4.8841777 5 2022-03-10
1506 4.751071 3 2022-03-11
1507 4.5601726 2 2022-03-12
1508 4.7160034 2 2022-03-13
1509 4.829908 6 2022-03-14
1510 4.9092007 8 2022-03-15
1511 4.3549757 6 2022-03-16
1512 3.9335687 7 2022-03-17
1513 3.7377646 3 2022-03-18
1514 3.5804849 7 2022-03-19
1515 3.845433 2 2022-03-20
1516 4.6538363 7 2022-03-21
1517 5.2138867 5 2022-03-22
1518 4.9346967 5 2022-03-23
1519 4.9741035 1 2022-03-24
1520 4.687151 6 2022-03-25
1521 5.1165795 6 2022-03-26
1522 4.944917 5 2022-03-27
1523 4.85993 8 2022-03-28
1524 5.1471653 7 2022-03-29
1525 5.113795 5 2022-03-30
1526 5.0520205 5 2022-03-31
1527 5.143208 5 2022-04-01
1528 5.357143 6 2022-04-02
1529 5.765791 10 2022-04-03
1530 5.451448 7 2022-04-04
1531 4.834602 5 2022-04-05
1532 4.464564 4 2022-04-06
1533 4.4848714 4 2022-04-07
1534 4.0336213 7 2022-04-08
1535 3.898379 8 2022-04-09
1536 3.811421 4 2022-04-10
1537 3.650493 4 2022-04-11
1538 5.800492 1 2022-04-12
1539 5.3936915 7 2022-04-13
1540 6.010271 3 2022-04-14
1541 6.1100698 2 2022-04-15
1542 6.4772844 4 2022-04-16
1543 6.571875 5 2022-04-17
1544 6.230803 5 2022-04-18
1545 5.639567 3 2022-04-19
1546 5.8670335 7 2022-04-20
1547 5.552429 3 2022-04-21
1548 5.6267433 4 2022-04-22
1549 5.153139 5 2022-04-23
1550 5.081859 2 2022-04-24
1551 4.8126426 2 2022-04-25
1552 4.9645653 3 2022-04-26
1553 4.8911986 4 2022-04-27
1554 4.77903 4 2022-04-28
1555 4.629765 14 2022-04-29
1556 5.136815 6 2022-04-30
1557 4.7067347 14 2022-05-01
1558 5.5107985 4 2022-05-02
1559 4.914196 10 2022-05-03
1560 5.573869 4 2022-05-04
1561 5.110299 4 2022-05-05
1562 5.378395 7 2022-05-06
1563 5.6495953 4 2022-05-07
1564 5.3871036 6 2022-05-08
1565 5.791885 6 2022-05-09
1566 4.7219787 8 2022-05-10
1567 4.2455287 6 2022-05-11
1568 4.0237827 5 2022-05-12
1569 3.9460993 2 2022-05-13
1570 3.8208199 3 2022-05-14
1571 4.0560327 5 2022-05-15
1572 4.3419785 3 2022-05-16
1573 5.4660606 3 2022-05-17
1574 5.71771 8 2022-05-18
1575 5.6314945 8 2022-05-19
1576 5.0066733 4 2022-05-20
1577 4.112137 2 2022-05-21
1578 3.9873528 2 2022-05-22
1579 4.1300187 7 2022-05-23
1580 4.5363584 2 2022-05-24
1581 4.8610415 1 2022-05-25
1582 4.8791685 7 2022-05-26
1583 5.106081 1 2022-05-27
1584 4.565596 6 2022-05-28
1585 4.970096 3 2022-05-29
1586 4.6664553 6 2022-05-30
1587 4.972059 8 2022-05-31
1588 4.874113 5 2022-06-01
1589 4.7256904 6 2022-06-02
1590 4.8605247 3 2022-06-03
1591 4.6865234 7 2022-06-05
1592 5.13072 8 2022-06-06
1593 5.183147 2 2022-06-07
1594 4.757724 9 2022-06-08
1595 5.5077167 4 2022-06-09
1596 5.121475 6 2022-06-10
1597 5.705049 8 2022-06-11
1598 4.498618 1 2022-06-12
1599 4.1730494 5 2022-06-13
1600 4.5537367 7 2022-06-14
1601 4.823836 1 2022-06-15
1602 5.3270144 3 2022-06-16
1603 5.8791223 5 2022-06-17
1604 5.851952 1 2022-06-18
1605 5.3360972 7 2022-06-19
1606 4.887367 8 2022-06-20
1607 4.309417 1 2022-06-21
1608 4.0421834 1 2022-06-22
1609 4.5337324 4 2022-06-23
1610 4.6904297 4 2022-06-24
1611 4.5613823 2 2022-06-25
1612 4.806782 1 2022-06-26
1613 4.780464 12 2022-06-27
1614 5.1544886 3 2022-06-28
1615 4.4266977 7 2022-06-29
1616 4.8262234 6 2022-06-30
