 "Test Predictions" Actuals Date
1439 5.6944547 9 2022-01-01
1440 5.9288263 2 2022-01-03
1441 5.3969955 2 2022-01-04
1442 5.1490993 4 2022-01-05
1443 5.183619 3 2022-01-06
1444 5.1029787 6 2022-01-07
1445 5.2240896 3 2022-01-08
1446 5.055324 2 2022-01-09
1447 4.9828176 8 2022-01-10
1448 5.179805 4 2022-01-11
1449 5.0059004 8 2022-01-12
1450 5.1970987 2 2022-01-13
1451 4.896018 6 2022-01-14
1452 5.114468 5 2022-01-15
1453 5.0577264 4 2022-01-16
1454 4.4004936 7 2022-01-17
1455 4.8980675 6 2022-01-18
1456 5.201226 3 2022-01-19
1457 5.050879 5 2022-01-20
1458 5.153284 2 2022-01-21
1459 4.968628 8 2022-01-22
1460 5.2733464 5 2022-01-23
1461 5.1716485 1 2022-01-24
1462 4.9263096 5 2022-01-25
1463 5.1066866 3 2022-01-26
1464 4.980934 2 2022-01-27
1465 4.450198 4 2022-01-28
1466 4.978244 2 2022-01-29
1467 4.9020185 6 2022-01-30
1468 5.0087147 1 2022-01-31
1469 4.7976475 5 2022-02-01
1470 4.423192 7 2022-02-02
1471 4.389025 6 2022-02-03
1472 4.3369284 2 2022-02-04
1473 4.2792926 2 2022-02-05
1474 4.7478867 6 2022-02-07
1475 4.9355154 7 2022-02-08
1476 4.9904714 3 2022-02-09
1477 4.839715 3 2022-02-10
1478 4.858441 4 2022-02-11
1479 4.8917317 6 2022-02-12
1480 4.9458857 7 2022-02-13
1481 5.022455 3 2022-02-14
1482 4.8492208 1 2022-02-15
1483 4.783761 3 2022-02-16
1484 4.8678975 4 2022-02-17
1485 4.8320217 1 2022-02-18
1486 4.425982 1 2022-02-19
1487 4.337406 4 2022-02-20
1488 4.424653 7 2022-02-21
1489 4.430544 7 2022-02-22
1490 4.354898 5 2022-02-23
1491 4.2671304 7 2022-02-24
1492 4.322129 7 2022-02-25
1493 4.3354344 5 2022-02-26
1494 4.2797365 1 2022-02-27
1495 4.153389 5 2022-02-28
1496 4.353205 14 2022-03-01
1497 4.6720095 5 2022-03-02
1498 4.506332 3 2022-03-03
1499 4.658802 10 2022-03-04
1500 5.336647 1 2022-03-05
1501 4.9440746 6 2022-03-06
1502 4.613401 6 2022-03-07
1503 4.541853 3 2022-03-08
1504 4.558679 4 2022-03-09
1505 5.1137214 5 2022-03-10
1506 5.140605 3 2022-03-11
1507 4.4095945 2 2022-03-12
1508 4.392533 2 2022-03-13
1509 4.4293118 6 2022-03-14
1510 4.4875145 8 2022-03-15
1511 4.4665775 6 2022-03-16
1512 4.3687305 7 2022-03-17
1513 4.4111733 3 2022-03-18
1514 4.271858 7 2022-03-19
1515 4.452022 2 2022-03-20
1516 4.976702 7 2022-03-21
1517 5.3364277 5 2022-03-22
1518 5.2773895 5 2022-03-23
1519 5.283732 1 2022-03-24
1520 5.0148897 6 2022-03-25
1521 5.239783 6 2022-03-26
1522 5.236285 5 2022-03-27
1523 5.1860228 8 2022-03-28
1524 5.3474708 7 2022-03-29
1525 5.3567486 5 2022-03-30
1526 5.282138 5 2022-03-31
1527 5.2821274 5 2022-04-01
1528 5.2698917 6 2022-04-02
1529 5.3127565 10 2022-04-03
1530 5.5083857 7 2022-04-04
1531 5.430268 5 2022-04-05
1532 5.2710257 4 2022-04-06
1533 5.266915 4 2022-04-07
1534 4.512741 7 2022-04-08
1535 4.6409225 8 2022-04-09
1536 4.749321 4 2022-04-10
1537 5.1622124 4 2022-04-11
1538 5.320598 1 2022-04-12
1539 5.3806314 7 2022-04-13
1540 6.05793 3 2022-04-14
1541 5.9126515 2 2022-04-15
1542 5.533634 4 2022-04-16
1543 5.2616253 5 2022-04-17
1544 5.2341757 5 2022-04-18
1545 5.2339506 3 2022-04-19
1546 5.161346 7 2022-04-20
1547 5.3707376 3 2022-04-21
1548 5.178184 4 2022-04-22
1549 5.1705613 5 2022-04-23
1550 5.2276154 2 2022-04-24
1551 5.0820837 2 2022-04-25
1552 5.0554156 3 2022-04-26
1553 5.040991 4 2022-04-27
1554 5.017368 4 2022-04-28
1555 4.9576936 14 2022-04-29
1556 5.262083 6 2022-04-30
1557 5.094078 14 2022-05-01
1558 5.4518948 4 2022-05-02
1559 5.1567173 10 2022-05-03
1560 5.4662504 4 2022-05-04
1561 5.231119 4 2022-05-05
1562 5.220228 7 2022-05-06
1563 5.3802204 4 2022-05-07
1564 5.240512 6 2022-05-08
1565 5.3436213 6 2022-05-09
1566 5.3227563 8 2022-05-10
1567 4.7266283 6 2022-05-11
1568 4.6272564 5 2022-05-12
1569 4.5737205 2 2022-05-13
1570 4.382476 3 2022-05-14
1571 4.4440055 5 2022-05-15
1572 4.543764 3 2022-05-16
1573 5.1489735 3 2022-05-17
1574 5.1306996 8 2022-05-18
1575 5.347524 8 2022-05-19
1576 5.3859844 4 2022-05-20
1577 5.198024 2 2022-05-21
1578 5.0171933 2 2022-05-22
1579 4.4370685 7 2022-05-23
1580 5.2692995 2 2022-05-24
1581 5.0870323 1 2022-05-25
1582 5.1676245 7 2022-05-26
1583 5.512191 1 2022-05-27
1584 5.1622553 6 2022-05-28
1585 5.3550897 3 2022-05-29
1586 5.1345496 6 2022-05-30
1587 5.187053 8 2022-05-31
1588 5.222042 5 2022-06-01
1589 5.0928206 6 2022-06-02
1590 5.1408176 3 2022-06-03
1591 4.979557 7 2022-06-05
1592 5.19011 8 2022-06-06
1593 5.299349 2 2022-06-07
1594 4.994143 9 2022-06-08
1595 5.362948 4 2022-06-09
1596 5.162687 6 2022-06-10
1597 5.269737 8 2022-06-11
1598 5.3537717 1 2022-06-12
1599 4.2771316 5 2022-06-13
1600 4.4625216 7 2022-06-14
1601 4.7288127 1 2022-06-15
1602 4.9833555 3 2022-06-16
1603 5.090223 5 2022-06-17
1604 5.166201 1 2022-06-18
1605 4.9661903 7 2022-06-19
1606 4.9797964 8 2022-06-20
1607 4.492111 1 2022-06-21
1608 4.240176 1 2022-06-22
1609 4.3261213 4 2022-06-23
1610 4.4448977 4 2022-06-24
1611 4.4098725 2 2022-06-25
1612 4.557979 1 2022-06-26
1613 4.8820167 12 2022-06-27
1614 5.22412 3 2022-06-28
1615 4.9633865 7 2022-06-29
1616 5.1186934 6 2022-06-30
